 1.000E-03 1.307E+02 
 1.500E-03 9.912E+01 
 2.000E-03 8.077E+01 
 2.500E-03 6.864E+01 
 3.000E-03 5.996E+01 
 3.500E-03 5.341E+01 
 4.000E-03 4.828E+01 
 4.500E-03 4.413E+01 
 5.000E-03 4.071E+01 
 6.000E-03 3.536E+01 
 7.000E-03 3.138E+01 
 8.000E-03 2.828E+01 
 9.000E-03 2.579E+01 
 1.000E-02 2.375E+01 
 1.500E-02 1.728E+01 
 2.000E-02 1.379E+01 
 2.500E-02 1.160E+01 
 3.000E-02 1.008E+01 
 3.500E-02 8.966E+00 
 4.000E-02 8.110E+00 
 4.500E-02 7.430E+00 
 5.000E-02 6.878E+00 
 6.000E-02 6.033E+00 
 7.000E-02 5.415E+00 
 8.000E-02 4.945E+00 
 9.000E-02 4.573E+00 
 1.000E-01 4.273E+00 
 1.500E-01 3.357E+00 
 2.000E-01 2.893E+00 
 2.500E-01 2.616E+00 
 3.000E-01 2.436E+00 
 3.500E-01 2.310E+00 
 4.000E-01 2.219E+00 
 4.500E-01 2.149E+00 
 5.000E-01 2.094E+00 
 6.000E-01 2.016E+00 
 7.000E-01 1.966E+00 
 8.000E-01 1.931E+00 
 9.000E-01 1.907E+00 
 1.000E+00 1.890E+00 
 1.500E+00 1.858E+00 
 2.000E+00 1.859E+00 
 2.500E+00 1.869E+00 
 3.000E+00 1.881E+00 
 3.500E+00 1.894E+00 
 4.000E+00 1.907E+00 
 4.500E+00 1.918E+00 
 5.000E+00 1.929E+00 
 6.000E+00 1.949E+00 
 7.000E+00 1.967E+00 
 8.000E+00 1.982E+00 
 9.000E+00 1.995E+00 
 1.000E+01 2.007E+00 
 1.500E+01 2.052E+00 
 2.000E+01 2.082E+00 
 2.500E+01 2.104E+00 
 3.000E+01 2.122E+00 
 3.500E+01 2.136E+00 
 4.000E+01 2.148E+00 
 4.500E+01 2.159E+00 
 5.000E+01 2.169E+00 
 6.000E+01 2.185E+00 
 7.000E+01 2.199E+00 
 8.000E+01 2.210E+00 
 9.000E+01 2.221E+00 
 1.000E+02 2.230E+00 
 1.500E+02 2.265E+00 
 2.000E+02 2.290E+00 
 2.500E+02 2.309E+00 
 3.000E+02 2.325E+00 
 3.500E+02 2.338E+00 
 4.000E+02 2.350E+00 
 4.500E+02 2.360E+00 
 5.000E+02 2.369E+00 
 6.000E+02 2.385E+00 
 7.000E+02 2.398E+00 
 8.000E+02 2.409E+00 
 9.000E+02 2.419E+00 
 1.000E+03 2.429E+00 
 1.500E+03 2.463E+00 
 2.000E+03 2.488E+00 
 2.500E+03 2.507E+00 
 3.000E+03 2.523E+00 
 3.500E+03 2.536E+00 
 4.000E+03 2.547E+00 
 4.500E+03 2.558E+00 
 5.000E+03 2.567E+00 
 6.000E+03 2.582E+00 
 7.000E+03 2.595E+00 
 8.000E+03 2.607E+00 
 9.000E+03 2.617E+00 
 1.000E+04 2.626E+00 
